"Male","Female","Unknown","Not Specified"
295982,89493,22943,36091